<?xml version="1.0"?>
<opencv_storage>
<calibration_time>"Mon Feb  8 00:08:35 2016"</calibration_time>
<nr_of_frames>50</nr_of_frames>
<image_width>1920</image_width>
<image_height>1080</image_height>
<board_width>9</board_width>
<board_height>6</board_height>
<square_size>50.</square_size>
<fix_aspect_ratio>1.</fix_aspect_ratio>
<!-- flags: +fix_aspectRatio +fix_principal_point +zero_tangent_dist -->
<flags>6158</flags>
<fisheye_model>0</fisheye_model>
<camera_matrix type_id="opencv-matrix">
  <rows>3</rows>
  <cols>3</cols>
  <dt>d</dt>
  <data>
    1.3850970820608904e+03 0. 9.5950000000000000e+02 0.
    1.3850970820608904e+03 5.3950000000000000e+02 0. 0. 1.</data></camera_matrix>
<distortion_coefficients type_id="opencv-matrix">
  <rows>5</rows>
  <cols>1</cols>
  <dt>d</dt>
  <data>
    1.0726058927446749e-01 -2.3913380593046968e-01 0. 0.
    1.1635919106580180e-01</data></distortion_coefficients>
<avg_reprojection_error>9.8752665237389192e-01</avg_reprojection_error>
<per_view_reprojection_errors type_id="opencv-matrix">
  <rows>50</rows>
  <cols>1</cols>
  <dt>f</dt>
  <data>
    4.67698783e-01 2.80447960e-01 3.30612868e-01 3.23579073e-01
    5.52463770e-01 3.36080909e-01 2.07978413e-01 2.84875631e-01
    2.46371731e-01 2.43221611e-01 2.60130495e-01 2.79378802e-01
    3.94366711e-01 3.16161066e-01 2.89260358e-01 2.72337943e-01
    3.55952501e-01 2.41055548e-01 3.65102321e-01 4.02320445e-01
    2.40721658e-01 6.13378048e-01 8.39141667e-01 6.00798786e-01
    4.08972979e-01 6.41878724e-01 5.51998615e-01 9.30623710e-01
    7.09704697e-01 6.45885289e-01 5.28195262e-01 4.45039868e-01
    4.31937397e-01 3.24494421e-01 3.22414517e-01 2.99108714e-01
    3.63435864e-01 1.94126546e-01 1.62502199e-01 1.52210131e-01
    1.52396590e-01 1.51602969e-01 2.16020554e-01 3.52435112e-01
    1.47701645e+00 1.67588460e+00 1.00602281e+00 7.92825162e-01
    2.10900068e+00 5.46808481e+00</data></per_view_reprojection_errors>
<extrinsic_parameters type_id="opencv-matrix">
  <rows>50</rows>
  <cols>6</cols>
  <dt>d</dt>
  <data>
    1.2008236570751424e-01 -3.3906298782986616e-01
    4.1655325639520591e-03 -5.1305806032120529e+02
    -3.7986454083410018e+02 1.3594571531501003e+03
    7.6246133770492081e-02 -3.8085542656586902e-01
    -6.8663513049020764e-03 -5.4461569357767848e+02
    -3.6862554000153648e+02 1.3624857486942640e+03
    3.8647910329301240e-02 -3.8889912223288758e-01
    -7.0973674692454275e-03 -5.5373549257397542e+02
    -3.6382879190021049e+02 1.3746498391876569e+03
    -7.7089137197702537e-02 -3.7938808845398669e-01
    -5.0096597640109437e-02 -5.5576375912612559e+02
    -3.2927385872837641e+02 1.3718245953179000e+03
    -2.4802915602213632e-01 -1.9494355483949824e-01
    -1.0982834181444684e-01 -4.5458335189492942e+02
    -1.9236663548557735e+02 1.3911954106619505e+03
    -6.8610540783733087e-01 1.5837849306843968e-02
    -5.1854691554841466e-02 -2.8461915994611854e+02
    -1.1628446595596053e+02 1.5236455209169260e+03
    -9.4095972773248182e-01 1.4692948091778588e-01
    -2.4985083845504772e-02 -1.8498851825962919e+02
    -7.5475509632940472e+01 1.6049175774439705e+03
    -1.1849377996294210e+00 3.9385886418662808e-01
    5.8603185143148981e-02 2.0433693204363769e+02 5.6427576537566956e+01
    1.6954000127955560e+03 -1.1768013939517774e+00
    4.1305700939018936e-01 3.8094549387868763e-02 2.5058177649972259e+02
    5.4290688363147474e+01 1.6733936169866402e+03
    -1.1753549659574880e+00 4.2749623195947456e-01
    3.5438675957840886e-02 2.6567249972284935e+02 5.4402956753073610e+01
    1.6625142388425263e+03 -1.1783201076517744e+00
    4.3402287144796942e-01 3.7479310869317738e-02 2.6409304265877910e+02
    4.8624017814496845e+01 1.6544326952915146e+03
    -1.1499830748598887e+00 4.4134165151684007e-01
    -1.0741120287075112e-02 2.8289065983740699e+02
    4.3871104393872272e+01 1.6418248962714713e+03
    -1.1250347598702013e+00 4.5843050501388322e-01
    -9.7133502780729894e-02 3.3076238787091472e+02
    3.9616498443555948e+01 1.6199123340954741e+03
    -8.9805057101663566e-01 7.2217868917009898e-01
    -2.6184597424129175e-01 4.6939446058639470e+02
    -1.4063756922258953e+01 1.5399958675737298e+03
    -8.6320430170807672e-01 7.5744455425231505e-01
    -2.4568909210436843e-01 4.8653188422713259e+02
    -2.3221133375462632e+01 1.5127012692053017e+03
    8.3495828109677317e-02 2.2960618693017357e-01
    -3.0892769300811584e-01 1.3523164565822387e+02
    -3.3870312326988636e+02 1.5313631227050462e+03
    1.0525667204318818e-01 2.2429295113109571e-01
    -3.1144087376014701e-01 1.2521221054837451e+02
    -3.1094838592772908e+02 1.5590522522410208e+03
    1.1847375855832179e-01 2.2265025731476781e-01
    -2.9777490398495421e-01 1.1286216582596379e+02
    -2.9874150335849532e+02 1.5866975599790360e+03
    1.5585010557551260e-01 1.7945657168325702e-01
    -2.5255043745407696e-01 6.9072527136627826e+01
    -2.9583108714340040e+02 1.6009740959844171e+03
    6.3850322840585325e-02 1.6751793984889024e-01
    -2.0583996685069977e-01 -3.5803932434728040e+01
    -3.2470873394065057e+02 1.6606220900740332e+03
    -8.7453249525680111e-03 1.8861844125843721e-01
    -2.1802791570702951e-01 -1.3025491667459553e+02
    -3.5270101708321215e+02 1.6772602189709776e+03
    5.1558751829075281e-02 2.0720292918987707e-02
    -9.4890433428835380e-02 -3.8591550683831412e+02
    -4.1078478556607985e+02 1.5144601944402129e+03
    7.6226548237722389e-02 -3.1851457376790393e-01
    3.0341319283827994e-02 -7.5869947900552302e+02
    -4.4404966176048737e+02 1.2871458947493788e+03
    8.8719046841034668e-02 -3.8451084362243471e-01
    2.3647799947139270e-02 -8.4112020610131515e+02
    -4.0449525096498394e+02 1.2668256880266295e+03
    6.2595424068744701e-02 -3.3843366525887186e-01
    -8.9906965251393356e-02 -8.1961104711614485e+02
    -2.9057424525309727e+02 1.3182220193288667e+03
    4.5575470940661257e-02 -2.4273682027253699e-01
    -7.1006133621026993e-02 -7.8204976916696705e+02
    -1.6969459234384726e+02 1.3728156098611312e+03
    -4.7995993680384860e-02 -2.4933451096355749e-01
    -1.1398397620412096e-01 -7.4362180735042693e+02
    -7.9802345018104404e+01 1.4055630840981669e+03
    -1.2080768200772135e-01 -1.5251318829828225e-01
    -1.2429777116627590e-01 -7.2768403225462839e+02
    3.0262664406020928e+01 1.4326402195344017e+03
    -2.1406940157597448e-01 -1.6079486348992408e-01
    -1.3661539687987634e-01 -7.5665460297241179e+02
    2.0785400491851482e+02 1.4523064395926463e+03
    -3.4481040280851388e-01 -1.6971257895678743e-01
    -1.1514195485172493e-01 -9.1713022364756330e+02
    2.6199026138824769e+02 1.4710063606616934e+03
    -1.3827970872129974e-01 4.2351422154732277e-01
    -5.5175393065816453e-02 9.8682515953410459e+01
    2.5475843568599302e+01 1.7310181897138689e+03
    -1.1786713977173070e-01 4.2399901950358326e-01
    -4.7928870906294697e-02 1.6038111855014009e+02
    3.3783014007338267e+01 1.7083665029547617e+03
    -1.2493496801246511e-01 4.7228306884864285e-01
    -4.5115059332576653e-02 2.2813853144031580e+02
    2.6117233551114591e+01 1.7111364144780539e+03
    -1.4158056663058227e-01 5.1545687799498185e-01
    -1.1807041142209334e-02 2.7835181688282381e+02
    2.8140926789667319e+01 1.7171709035001727e+03
    -1.4960339111075410e-01 5.4912139952412864e-01
    3.8274735815548243e-03 3.0409884886745294e+02 3.5172919503958987e+01
    1.7243585328056943e+03 -1.1801819723417985e-01
    5.9159571221338281e-01 -2.2911400157073540e-02
    3.5945230497927054e+02 2.4478016819675663e+01 1.7783549921052359e+03
    -1.5800566315912709e-01 5.8393522597258407e-01
    -1.9356353891217731e-02 3.6883936737871238e+02
    -7.1281470601109561e+01 1.9369225973852976e+03
    -1.4303927675382747e-01 6.3325940990443430e-01
    -4.3887122407350772e-02 3.2855420855015410e+02
    -1.4812000606978694e+02 2.2303336583319783e+03
    -1.6416581746840928e-01 5.9680524352571207e-01
    -6.4929863547645461e-02 3.0719439931426820e+02
    -2.2420008600182243e+02 2.5491216436583054e+03
