<?xml version="1.0"?>
<opencv_storage>
<calibration_time>"Mon Feb  8 00:07:14 2016"</calibration_time>
<nr_of_frames>50</nr_of_frames>
<image_width>1920</image_width>
<image_height>1080</image_height>
<board_width>9</board_width>
<board_height>6</board_height>
<square_size>50.</square_size>
<fix_aspect_ratio>1.</fix_aspect_ratio>
<!-- flags: +fix_aspectRatio +fix_principal_point +zero_tangent_dist -->
<flags>6158</flags>
<fisheye_model>0</fisheye_model>
<camera_matrix type_id="opencv-matrix">
  <rows>3</rows>
  <cols>3</cols>
  <dt>d</dt>
  <data>
    1.3456752092316376e+03 0. 9.5950000000000000e+02 0.
    1.3456752092316376e+03 5.3950000000000000e+02 0. 0. 1.</data></camera_matrix>
<distortion_coefficients type_id="opencv-matrix">
  <rows>5</rows>
  <cols>1</cols>
  <dt>d</dt>
  <data>
    6.8269103890964675e-02 -1.4629546281563571e-01 0. 0.
    3.4249557484911194e-02</data></distortion_coefficients>
<avg_reprojection_error>7.2553806012887589e-01</avg_reprojection_error>
<per_view_reprojection_errors type_id="opencv-matrix">
  <rows>50</rows>
  <cols>1</cols>
  <dt>f</dt>
  <data>
    6.21852219e-01 4.70156521e-01 7.41106331e-01 9.35182095e-01
    1.87571168e+00 1.61548960e+00 2.36349368e+00 2.64500546e+00
    2.38878056e-01 2.30967075e-01 2.04820946e-01 2.18093544e-01
    7.39794731e-01 4.95662481e-01 2.72938460e-01 2.61054367e-01
    5.24331510e-01 4.29684609e-01 2.93984711e-01 2.95927465e-01
    3.33715171e-01 3.06691408e-01 3.68032277e-01 3.45137656e-01
    3.38399470e-01 2.48726919e-01 2.39105463e-01 3.02225232e-01
    3.28049570e-01 3.37650508e-01 4.34188575e-01 5.70737004e-01
    5.57587922e-01 4.12778735e-01 4.87984091e-01 3.51725608e-01
    3.06798249e-01 3.28370005e-01 4.12925154e-01 2.69768745e-01
    1.75048649e-01 2.49682516e-01 2.60281712e-01 2.56022662e-01
    2.51895815e-01 2.15378240e-01 3.24520528e-01 4.34300035e-01
    3.70938778e-01 4.82275575e-01</data></per_view_reprojection_errors>
<extrinsic_parameters type_id="opencv-matrix">
  <rows>50</rows>
  <cols>6</cols>
  <dt>d</dt>
  <data>
    -1.7121662228759460e-01 -1.6868148063767074e-01
    8.1704170876779031e-02 -8.9130256966183381e+01
    -1.9886337851607206e+02 9.7884454152881506e+02
    -1.5327124756441424e-01 -1.6401091720127858e-01
    1.2346934700441750e-01 -7.7357963196737657e+01
    -2.0526101490780826e+02 9.7680177479138433e+02
    -1.2973945122207675e-01 -1.3186646516532269e-01
    1.2894038454714041e-01 -9.6331033290855203e+01
    -2.2200269655306616e+02 9.3656019525722309e+02
    -6.2591024594249409e-02 3.6429626559591352e-02
    1.1259209785650580e-01 -1.6417650227507426e+02
    -2.3256536822589038e+02 8.6334313673800978e+02
    -6.3892675732579751e-04 8.8614775463232279e-02
    5.0012646285303990e-02 -1.7921086226016203e+02
    -1.7623909688227076e+02 7.4217075445099556e+02
    -3.0154015246715484e-02 4.3847205234203830e-02
    3.2624970696740377e-02 -1.7290201478591933e+02
    -1.5449712053779865e+02 6.5984748422175494e+02
    -2.9636292298232725e-02 4.8920511907907249e-02
    1.6862822466598728e-02 -1.6584780239723707e+02
    -1.2765229557681810e+02 5.6272980059275937e+02
    -1.9945830134798326e-02 6.9822338209809598e-02
    3.1204823015265219e-02 -1.7256216336352264e+02
    -1.0231802098315845e+02 5.0380514647815397e+02
    -1.9471890710753634e-01 6.2493387130738443e-01
    -8.3282113330995413e-03 2.1369440990638100e+02
    -2.8142637314737010e+02 1.1442831077394485e+03
    -1.9021423164451601e-01 6.1600690044531792e-01
    -4.7751879051974562e-03 2.1575114522236888e+02
    -2.8034858334662340e+02 1.1396646755129864e+03
    -1.9570831116478915e-01 6.1027570241843132e-01
    3.0628093217328375e-03 2.1661011590420006e+02
    -2.8648143978018373e+02 1.1378638289906517e+03
    -1.9311655443938722e-01 6.0053745412047344e-01
    6.2012597984986125e-03 2.1502914211451474e+02
    -2.8720213465835832e+02 1.1312519607175645e+03
    -2.0313199753186892e-01 4.9917783078372407e-01
    6.3072930112176243e-03 1.5704686788351214e+02
    -3.1154021819283872e+02 1.1216764962695722e+03
    -1.6226391851450750e-01 3.5219227589782609e-01
    3.0938773418480607e-02 5.6693887724762426e+01
    -3.4619113591008710e+02 1.0719926700768433e+03
    -1.3723208393216452e-01 -1.8017170815935660e-01
    -3.8063035847131318e-02 -5.3781778511245989e+02
    -3.6916031364069681e+02 1.1759587021786408e+03
    -1.2760672194547468e-01 -2.6529598915581409e-01
    -2.6565756002990937e-02 -5.6480411149824158e+02
    -3.8925496307575219e+02 1.2268097514988515e+03
    -1.2251185441622436e-01 -3.1949961198273419e-01
    -2.5081339838856260e-02 -6.5445506591640742e+02
    -3.8461543368645482e+02 1.2487376069034690e+03
    -1.1628696902436114e-01 -4.2216449888802215e-01
    -2.7238268316807847e-02 -7.7100687926445801e+02
    -3.8514433069253374e+02 1.2482812250570862e+03
    -1.2649927300064714e-01 -4.9642310685220686e-01
    -2.9925639034853013e-02 -8.3915468945258101e+02
    -3.9239153252037829e+02 1.2555491295116144e+03
    -1.2179861712785975e-01 -5.1522689603198835e-01
    -4.2774559786190054e-02 -8.8968176113938659e+02
    -3.6685929303738533e+02 1.2721239685539917e+03
    -2.3730020718829425e-01 -4.0861873116534414e-01
    -1.3607076726742612e-01 -8.5071341075998907e+02
    -1.1478058757927529e+02 1.4013807151610586e+03
    -2.9681731353521462e-01 -3.8545551794628341e-01
    -1.6763544275662576e-01 -8.3603498125484259e+02
    -2.2714104832196668e+01 1.4204964773981674e+03
    -3.3543478769685675e-01 -3.5597807739530701e-01
    -2.0419086649105481e-01 -8.2567000044190900e+02
    1.0136158064064303e+02 1.4375769903982680e+03
    -3.5718132804796637e-01 -3.3866040215880178e-01
    -2.1627101481157421e-01 -8.1394633138553513e+02
    1.5168622398632499e+02 1.4402601039468502e+03
    -3.8586680405986190e-01 -3.1152966670939325e-01
    -2.1513584786049672e-01 -8.0519551228615535e+02
    1.9403925975478617e+02 1.4477524271017862e+03
    -3.7487667758164533e-01 -2.6087294803808764e-01
    -2.1051556983355169e-01 -7.7191962601086777e+02
    2.5053308761480324e+02 1.4795395899226924e+03
    -4.0291861031138992e-01 -2.2597454613557688e-01
    -2.1054436818804881e-01 -6.6594307736540736e+02
    2.2329241941169633e+02 1.5200350487855856e+03
    -4.3923042552329428e-01 -1.6685917462752237e-01
    -2.1210935733374481e-01 -5.6300002134685303e+02
    2.0745301238496504e+02 1.5346268084728470e+03
    -4.8146215017274541e-01 -3.7185324225795055e-02
    -1.9543055701726869e-01 -4.5883393626785875e+02
    2.0774514362144083e+02 1.5213253170072578e+03
    -4.8968604917494452e-01 3.6191841455593621e-02
    -1.9229809106920068e-01 -3.7698597508068957e+02
    2.3338015150006925e+02 1.5408629462212400e+03
    -4.4534971771677834e-01 9.1513882974918290e-02
    -1.6627784813236818e-01 -2.6256513310867882e+02
    2.2519644218838513e+02 1.5448260461923871e+03
    -3.8073380679204993e-01 1.6993515269515799e-01
    -1.4531605431929906e-01 -1.1425152424078212e+02
    2.0082928363209140e+02 1.5409132564287747e+03
    -2.9764917167175614e-01 1.8772457762116773e-01
    -1.3819948052340947e-01 -1.5076451923489863e+01
    1.5601794113898256e+02 1.5142109409570596e+03
    -1.9948370033545745e-01 1.9736168838538698e-01
    -1.0636866773399101e-01 2.8452299295652054e+01
    2.0403304115603390e+01 1.5103351741588804e+03
    -2.2892292255661448e-02 2.4607849055075390e-01
    -1.4050372069143729e-01 4.8003461974585669e+01
    -4.0788929609220489e+01 1.5032341330300439e+03
    1.6588632683333490e-01 2.9705299400467250e-01
    -1.8677984353805285e-01 7.6974872738068498e+01
    -9.2632935540858739e+01 1.4912069124535428e+03
    2.9365840979231767e-01 2.8017358663013980e-01
    -1.8591023699888715e-01 1.0896463069407601e+02
    -1.4093527102661471e+02 1.4843636580617201e+03
    4.3803061503622009e-01 2.5058458698879926e-01
    -2.1117280086578216e-01 1.5507619765260924e+02
    -1.9694693577796411e+02 1.4885061245505942e+03
    3.9811504150458277e-01 3.9873598278204458e-01
    -2.9534042249551185e-01 2.6160563974106219e+02
