<?xml version="1.0"?>
<opencv_storage>
<calibration_time>"Sun Feb  7 23:19:02 2016"</calibration_time>
<nr_of_frames>25</nr_of_frames>
<image_width>1280</image_width>
<image_height>720</image_height>
<board_width>9</board_width>
<board_height>6</board_height>
<square_size>50.</square_size>
<fix_aspect_ratio>1.</fix_aspect_ratio>
<!-- flags: +fix_aspectRatio +fix_principal_point +zero_tangent_dist -->
<flags>6158</flags>
<fisheye_model>0</fisheye_model>
<camera_matrix type_id="opencv-matrix">
  <rows>3</rows>
  <cols>3</cols>
  <dt>d</dt>
  <data>
    1.0312916373156181e+03 0. 6.3950000000000000e+02 0.
    1.0312916373156181e+03 3.5950000000000000e+02 0. 0. 1.</data></camera_matrix>
<distortion_coefficients type_id="opencv-matrix">
  <rows>5</rows>
  <cols>1</cols>
  <dt>d</dt>
  <data>
    5.7654885943743704e-02 7.9906756605352014e-02 0. 0.
    -6.4460469438304357e-01</data></distortion_coefficients>
<avg_reprojection_error>3.6929299180491343e-01</avg_reprojection_error>
<per_view_reprojection_errors type_id="opencv-matrix">
  <rows>25</rows>
  <cols>1</cols>
  <dt>f</dt>
  <data>
    3.66206288e-01 6.31786585e-01 5.56806028e-01 4.12210315e-01
    3.47500980e-01 3.59621525e-01 3.33680928e-01 3.46695065e-01
    3.64773899e-01 3.26620013e-01 3.25767964e-01 3.28077316e-01
    3.25572729e-01 3.34530324e-01 3.40877533e-01 3.29329193e-01
    3.43977541e-01 3.25018495e-01 3.37228209e-01 3.47714424e-01
    3.34730327e-01 3.30855787e-01 3.11970800e-01 3.40209395e-01
    3.54074568e-01</data></per_view_reprojection_errors>
<extrinsic_parameters type_id="opencv-matrix">
  <rows>25</rows>
  <cols>6</cols>
  <dt>d</dt>
  <data>
    -5.2226329621559830e-01 -4.6185393385884760e-01
    -3.1508892568242547e-01 -4.6769901418955845e+02
    -3.4783885345574866e+01 9.6956718047409788e+02
    -5.3928859026098475e-01 -4.5701517399341451e-01
    -3.1171945114225746e-01 -4.6184373423701356e+02
    -4.6206298195808820e+01 9.7720221973742457e+02
    -5.5112092062470563e-01 -4.8859046645573523e-01
    -2.8123283436092317e-01 -4.4843174188013427e+02
    -7.7165596029559978e+01 9.6903121633210242e+02
    -5.4995128852096686e-01 -5.0037957304261305e-01
    -2.8053770124878719e-01 -4.3591891237176930e+02
    -8.8973861987701355e+01 9.6104258208038243e+02
    -5.5231135148782029e-01 -4.6903304088940279e-01
    -2.3550443861358072e-01 -4.3659782042099141e+02
    -1.2010840773156224e+02 9.7887667066867652e+02
    -5.5800063089989671e-01 -4.4028020474441631e-01
    -2.4476320417468794e-01 -4.4422891862447744e+02
    -1.0898007410363289e+02 9.8930239205168698e+02
    -5.6618119727894967e-01 -4.0412686922357088e-01
    -2.3954400583335358e-01 -4.4952295698852237e+02
    -1.0679177787485251e+02 1.0057179127361819e+03
    -5.7817971885220387e-01 -3.9908790983650066e-01
    -2.3954337777197376e-01 -4.5100357330975453e+02
    -1.0741187506801874e+02 1.0125192973543167e+03
    -5.6764362706391458e-01 -4.0067414982901128e-01
    -2.4035873559350440e-01 -4.5108222259616059e+02
    -1.0385830603074261e+02 1.0081707610549353e+03
    -5.7184012634463022e-01 -4.0656769613964011e-01
    -2.4392468531510658e-01 -4.5262651908759830e+02
    -1.0167544782821004e+02 1.0075161551577356e+03
    -5.7121432679998063e-01 -4.0544889391169209e-01
    -2.4459458634704512e-01 -4.5248844812442792e+02
    -1.0122133050821317e+02 1.0073595076432355e+03
    -5.7165308498434730e-01 -4.0408775640239003e-01
    -2.4479237041753979e-01 -4.5260373415842980e+02
    -1.0109366282419221e+02 1.0077385789319253e+03
    -5.7137612643872637e-01 -4.0337893756296339e-01
    -2.4458863369791731e-01 -4.5259581567605949e+02
    -1.0074716887520434e+02 1.0072590761692828e+03
    -5.7143852760687530e-01 -4.0243904927121255e-01
    -2.4328645687538938e-01 -4.5256382809929676e+02
    -1.0055798847506657e+02 1.0078885055304501e+03
    -5.7036145961942664e-01 -4.0231454154540530e-01
    -2.4230431482097428e-01 -4.5145068593350271e+02
    -1.0092306732812413e+02 1.0078781583896451e+03
    -5.6854174015536685e-01 -4.0271404957826851e-01
    -2.4142376124186674e-01 -4.5175989247553827e+02
    -1.0035678406197080e+02 1.0081558384004965e+03
    -5.6960305391470534e-01 -4.0173443134221715e-01
    -2.4203484011926349e-01 -4.5184824583060595e+02
    -9.9665591236501072e+01 1.0083501541337578e+03
    -5.7098341278247744e-01 -4.0149798912714785e-01
    -2.4243018889693629e-01 -4.5217000163070304e+02
    -9.9249613850549096e+01 1.0089055687451399e+03
    -5.7329998990668973e-01 -4.0236566079233815e-01
    -2.4333486118213743e-01 -4.5242198218970680e+02
    -9.8816493127994306e+01 1.0096860851005883e+03
    -5.7354933422962906e-01 -4.0184323400636340e-01
    -2.4369361340427600e-01 -4.5261790248974370e+02
    -9.8383889199549998e+01 1.0098626921064706e+03
    -5.7327697720162429e-01 -4.0300023598723095e-01
    -2.4418058496215317e-01 -4.5281875157821361e+02
    -9.7612512635278449e+01 1.0092367201904484e+03
    -5.7389262531184260e-01 -4.0288651132207864e-01
    -2.4458262196572741e-01 -4.5249514964075212e+02
    -9.7570265457739623e+01 1.0091830068834849e+03
    -5.7292630554722923e-01 -4.0276442018382302e-01
    -2.4462800647961294e-01 -4.5273485604766904e+02
    -9.7198105095267891e+01 1.0089577388373275e+03
    -5.7170808455780653e-01 -4.0422477932196349e-01
    -2.4567142922200044e-01 -4.5367399215124749e+02
    -9.5660169036690149e+01 1.0072981457411830e+03
    -5.7092991514762481e-01 -4.0465063130952411e-01
    -2.4626912939417861e-01 -4.5453806632541853e+02
    -9.4952066904023113e+01 1.0063699313322959e+03</data></extrinsic_parameters>
