<?xml version="1.0"?>
<opencv_storage>
<calibration_time>"Thu Feb 11 20:43:10 2016"</calibration_time>
<nr_of_frames>43</nr_of_frames>
<image_width>1920</image_width>
<image_height>1080</image_height>
<board_width>9</board_width>
<board_height>6</board_height>
<square_size>50.</square_size>
<fix_aspect_ratio>1.</fix_aspect_ratio>
<!-- flags: +fix_aspectRatio +fix_principal_point +zero_tangent_dist -->
<flags>6158</flags>
<fisheye_model>0</fisheye_model>
<camera_matrix type_id="opencv-matrix">
  <rows>3</rows>
  <cols>3</cols>
  <dt>d</dt>
  <data>
    1.3785744746208145e+03 0. 9.5950000000000000e+02 0.
    1.3785744746208145e+03 5.3950000000000000e+02 0. 0. 1.</data></camera_matrix>
<distortion_coefficients type_id="opencv-matrix">
  <rows>5</rows>
  <cols>1</cols>
  <dt>d</dt>
  <data>
    7.1844627126326929e-02 -1.1019055219460497e-01 0. 0.
    -2.3204034912733085e-02</data></distortion_coefficients>
<avg_reprojection_error>4.0015768072661201e-01</avg_reprojection_error>
<per_view_reprojection_errors type_id="opencv-matrix">
  <rows>43</rows>
  <cols>1</cols>
  <dt>f</dt>
  <data>
    1.81946650e-01 3.30874920e-01 3.19356322e-01 3.67467016e-01
    7.42337346e-01 6.81225836e-01 2.99953699e-01 5.77177882e-01
    2.62064099e-01 3.09852242e-01 6.25044107e-01 7.43825793e-01
    2.23989964e-01 2.77646214e-01 2.60378033e-01 3.48242521e-01
    2.13093877e-01 1.88535526e-01 1.43168345e-01 1.50305644e-01
    1.56108961e-01 1.52899742e-01 1.37016281e-01 1.60534576e-01
    1.83265403e-01 1.21771932e+00 4.60102469e-01 2.30261967e-01
    3.51633698e-01 1.80819899e-01 1.80542469e-01 2.53038853e-01
    1.84826106e-01 1.47278145e-01 1.67425454e-01 1.43700063e-01
    1.72381267e-01 2.05440521e-01 2.23945439e-01 2.58374482e-01
    1.00585890e+00 2.09018707e-01 2.08237007e-01</data></per_view_reprojection_errors>
<extrinsic_parameters type_id="opencv-matrix">
  <rows>43</rows>
  <cols>6</cols>
  <dt>d</dt>
  <data>
    -1.9917647035084285e-01 4.8605757244095944e-02
    -3.0892468322375706e+00 2.6605642441967660e+02
    -2.3246293638145826e+02 1.7635463879121114e+03
    1.8290006106439571e-01 -3.5337864562198722e-02
    3.1320927418136102e+00 2.6369990275743527e+02
    -2.7172138618626417e+02 1.8709466979015242e+03
    -2.7540411816572441e-01 -9.0821089062106241e-03
    3.1302634902710667e+00 -2.0738763602293690e+02
    -2.6821752214225592e+02 2.0451974636780390e+03
    -4.6632996078123917e-01 -9.8729523124388386e-04
    3.0569690273435763e+00 -4.6792451945744222e+02
    -1.8919441840413299e+02 1.9266389082992084e+03
    -6.0361140727486762e-01 -6.1483605648263516e-02
    3.0079009185323273e+00 -6.6167094648277725e+02
    -1.3113420952139492e+02 1.8144487341106108e+03
    -4.9753356402923471e-01 -1.6169876843111916e-01
    3.0241302207120220e+00 -5.7112866983794709e+02
    -1.0512506933365451e+02 1.8208219651883442e+03
    -6.8928790482998992e-02 -1.8165345301505719e-02
    3.0965832491745857e+00 -2.8311308615017720e+02
    1.1407889438533070e+00 1.8947150438018120e+03 4.3610832884385463e-02
    1.6895710586383619e-01 3.1072252506400200e+00
    -1.8258813338424011e+02 2.1244179304016069e+02
    1.9960442662158009e+03 7.6710413181326598e-01
    -6.8925203634697485e-01 2.8498665014374156e+00
    9.6492711970399000e+02 -2.1753572986278488e+02
    1.6374971377752604e+03 -7.2611100815085983e-02
    1.3568066440301498e+00 -2.5847024900157343e+00
    1.4629184810112133e+02 -8.5153527384053831e+01
    1.4193014855403765e+03 7.1170318396872906e-02
    -3.1066225542735060e-01 3.0816210981011793e+00
    4.5763884998326120e+02 -2.0932770742495183e+02
    1.2944664857170235e+03 4.9987617590537103e-02
    -2.7345202011410524e-01 3.1117599178973903e+00
    6.0238572796774542e+02 -1.3744817355449135e+02
    1.1974448666625424e+03 -1.5268915855459779e+00
    9.4895836238548734e-02 -2.6320802611778680e+00
    5.5727799654939554e+02 -2.8548121458910352e+01
    1.1650467835210679e+03 -1.5198567997702777e+00
    1.2310475828759604e-01 -2.6900365630309988e+00
    5.5967315020668468e+02 1.0864005177601616e+01 1.1836944584893488e+03
    -1.3923202071217935e+00 5.1456735238136021e-02
    -2.7681245886400618e+00 5.9977668570065225e+02
    1.1848502036293277e+02 1.1211823011108754e+03
    -3.5819513383226760e-02 -3.2685127011941500e-01
    -3.0761421052286515e+00 -1.0107456167803097e+02
    4.4739447440588958e+02 1.9356943345766842e+03
    -5.4459645109322607e-02 -7.9821496521698299e-01
    -2.9215700191050473e+00 -1.6814448086205282e+01
    3.8200321310071365e+02 2.1088238557887362e+03
    -7.0376187317024871e-02 -1.2998763909746813e+00
    -2.8459943567448538e+00 6.2035914609048952e+01
    1.8577161827755452e+02 2.2547390780917717e+03
    -5.8945003348990929e-02 -1.3404533249213999e+00
    -2.7815230046998352e+00 7.7902590884688124e+01
    2.1526213404082483e+01 2.4433190937088089e+03
    -8.3040026748027060e-02 -1.0186628638394279e+00
    -2.8767957177136609e+00 1.2688318661004676e+02
    -1.4082849220566632e+02 2.7141521090171559e+03
    -1.7399591188146178e-02 -4.7033966161687174e-01
    -2.9914616810777046e+00 1.4653677778191482e+02
    -3.1513084782369094e+02 2.8255256887349096e+03
    1.3092239339438408e-01 8.4589145158034604e-02
    -3.0544897074183415e+00 3.7495544598476266e+02
    -2.7114569841753030e+02 3.3887485934904689e+03
    3.8268799045024743e-01 1.1132882655871604e-01
    -3.0081500812558932e+00 5.2682317213896954e+02
    -2.9246603076510257e+02 3.6589822442543923e+03
    -2.9222838807439205e-01 6.0365937892547827e-01
    -2.9029357612149833e+00 5.1398271090818162e+02
    -3.1894196737997117e+02 3.2118859490469486e+03
    5.4661443106330898e-01 1.7844609166494753e-02 2.8882851536667014e+00
    2.5644827730010945e+02 -3.8592508272419695e+02
    2.4356279111560057e+03 -6.0784566537524631e-03
    1.5374477389719360e-01 -3.0528236866693343e+00
    -7.0217714526378700e+01 -1.8065651752590253e+02
    1.5832501988584913e+03 -3.7600819387115952e-01
    -3.0947210319588825e-01 3.0887231883187956e+00
    -4.3367196026751105e+02 -1.0884103454537102e+02
    1.3568474186264320e+03 -3.5494813518850449e-01
    -2.5488639775846877e-01 3.1116473771748856e+00
    -3.6025289963230279e+02 -1.1234144747661780e+02
    1.3682482192209986e+03 -7.6061803031097808e-01
    -2.2989808804299514e-01 -2.9538400675385899e+00
    5.2439377893359995e+02 3.5210948517563878e+02 1.5400577952335721e+03
    -1.0107797863826444e+00 -8.9238681501199479e-01
    -2.6306264176994421e+00 8.1672270385897173e+02
    2.7265469529747321e+02 1.6856937140075574e+03
    -1.0147332070625055e+00 -9.5438237841191309e-01
    -2.3947207851787620e+00 8.0497091426576776e+02
    4.8532190126889179e+02 1.3844745334902898e+03
    -8.6642513423305345e-01 -1.2041647447113764e+00
    -2.1447604313731894e+00 7.8258910006211579e+02
    4.3954759830427707e+02 1.3883135234275574e+03
    -1.2423045540042430e+00 -9.7435720887086713e-03
    -2.4986211836933379e+00 8.2869885564063100e+02
    7.9271563234722223e+01 2.8680665255952808e+03
    -6.9617472427421756e-01 8.5872918463244310e-02
    -2.8703037494221717e+00 4.9058027031852458e+02
    2.7827105079308328e+01 3.2941924695766525e+03
    -5.7809666750848365e-02 2.1388379987053358e-01
    -2.9719663807468226e+00 2.3706775054517416e+02
    -1.2417629740100629e+02 3.3763510343750763e+03
    1.8248623396553518e-01 2.1134636969396370e-01
    -2.8453425627607993e+00 6.8861530143182719e+01
    -2.4593879390184449e+02 3.3562933198669543e+03
    1.8456181228334090e-01 3.0496531404679333e-01
    -2.7795269602204660e+00 -1.0105059557200534e+02
    -3.1900879182031571e+02 3.4029491895871388e+03
    -4.3859595945610799e-02 -9.5067599635309807e-02
    -2.6475238341635472e+00 -3.6188655773532446e+02
    -2.0327817683228616e+02 2.6568283051191806e+03
    -9.3646637077066397e-01 2.3176271670000878e-01
    -2.8473330687411544e+00 4.5966042606607738e+02
    -5.2060807211419750e+01 2.4787456919219790e+03
    -9.4910790658474506e-02 3.9991231193637833e-01
    -3.0608618938751593e+00 4.2275653988903861e+02
